image: mrdc_nav.png
resolution: 0.00900894259
origin: [-8.94588, -8.94588, 0.0]
free_thresh: 0.196
occupied_thresh: 0.65
negate: 0

